
((-1, 1, -1, 1, -1, 1, -1, 1, -1, 1, -1, 1, -1, 1, -1, 1, -1, 1, -1, 1, -1, 1, -1, 1, -1, 1, -1, 1, -1, 1, -1, 1, -1, 1, -1, 1, -1, 1, -1, 1, -1, 1, -1, 1, -1, 1, -1, 1, -1, 1, -1, 1, -1, 1, -1, 1, -1, 1, -1, 1, -1, 1, -1, 1, -1, 1, -1, 1, -1, 1, -1, 1, -1, 1, -1, 1, -1, 1, -1),)

[list(range(-420,-280)) + [ -279, -278, -277, -276, -275, -274, -272, -271, -270, -269, -268, -267, -265, -264, -263, -262, -261, -260, -258, -257, -256, -255, -254, -253, -251, -250, -249, -248, -247, -246, -244, -243, -242, -241, -240, -239, -237, -236, -235, -234, -233, -232, -230, -229, -228, -227, -226, -225, -223, -222, -221, -220, -219, -218, -216, -215, -214, -213, -212, -211, -209, -208, -207, -206, -205, -204, -202, -201, -200, -199, -198, -197, -195, -194, -193, -192, -191, -190, -188, -187, -186, -185, -184, -183, -181, -180, -179, -178, -177, -176, -174, -173, -172, -171, -170, -169, -167, -166, -165, -164, -163, -162, -160, -159, -158, -157, -156, -155, -153, -152, -151, -150, -149, -148, -146, -145, -144, -143, -142, -141, -139, -138, -137, -136, -135, -134, -132, -131, -130, -129, -128, -127, -125, -124, -123, -122, -121, -120, -118, -117, -116, -115, -114, -113, -111, -110, -109, -108, -107, -106, -104, -103, -102, -101, -100, -99, -97, -96, -95, -94, -93, -92, -90, -89, -88, -87, -86, -85, -83, -82, -81, -80, -79, -78, -76, -75, -74, -73, -72, -71, -69, -68, -67, -66, -65, -64, -62, -61, -60, -59, -58, -57, -55, -54, -53, -52, -51, -50, -48, -47, -46, -45, -44, -43, -41, -40, -39, -38, -37, -36, -34, -33, -32, -31, -30, -29, -27, -26, -25, -24, -23, -22, -20, -19, -18, -17, -16, -15, -13, -12, -11, -10, -9, -8, -6, -5, -4, -3, -2, -1, 1, 2, 3, 4, 5, 6, 7, 9, 10, 11, 12, 13, 14, 16, 17, 18, 19, 20, 21, 23, 24, 25, 26, 27, 28, 30, 31, 32, 33, 34, 35, 37, 38, 39, 40, 41, 42, 44, 45, 46, 47, 48, 49, 51, 52, 53, 54, 55, 56, 58, 59, 60, 61, 62, 63, 65, 66, 67, 68, 69, 70, 72, 73, 74, 75, 76, 77, 79, 80, 81, 82, 83, 84, 86, 87, 88, 89, 90, 91, 93, 94, 95, 96, 97, 98, 100, 101, 102, 103, 104, 105, 107, 108, 109, 110, 111, 112, 114, 115, 116, 117, 118, 119, 121, 122, 123, 124, 125, 126, 128, 129, 130, 131, 132, 133, 135, 136, 137, 138, 139, 140, 142, 143, 144, 145, 146, 147, 149, 150, 151, 152, 153, 154, 156, 157, 158, 159, 160, 161, 163, 164, 165, 166, 167, 168, 170, 171, 172, 173, 174, 175, 177, 178, 179, 180, 181, 182, 184, 185, 186, 187, 188, 189, 191, 192, 193, 194, 195, 196, 198, 199, 200, 201, 202, 203, 205, 206, 207, 208, 209, 210, 212, 213, 214, 215, 216, 217, 219, 220, 221, 222, 223, 224, 226, 227, 228, 229, 230, 231, 233, 234, 235, 236, 237, 238, 240, 241, 242, 243, 244, 245, 247, 248, 249, 250, 251, 252, 254, 255, 256, 257, 258, 259, 261, 262, 263, 264, 265, 266, 268, 269, 270, 271, 272, 273 ] + list(range(275,420))]


 (( -280, -273, -266, -259, -252, -245, -238, -231, -224, -217, -210, -203, -196, -189, -182, -175, -168, -161, -154, -147, -140, -133, -126, -119, -112, -105, -98, -91, -84, -77, -70, -63, -56, -49, -42, -35, -28, -21, -14, -7, 8, 15, 22, 29, 36, 43, 50, 57, 64, 71, 78, 85, 92, 99, 106, 113,  120, 127, 134, 141, 148, 155, 162, 169, 176, 183, 190, 197, 204, 211, 218, 225, 232, 239, 246, 253, 260, 267, 274 ),)
 
 
 
 ----
 
((1, -1, 1, -1, 1, -1, 1, -1, 1, -1, 1, -1, 1, -1, 1, -1, 1, -1, 1, -1, 1, -1, 1, -1, 1, -1, 1, -1, 1, -1, 1, -1, 1, -1, 1, -1, 1, -1, 1, -1, 1, -1, 1, -1, 1, -1, 1, -1, 1, -1, 1, -1, 1, -1, 1, -1, 1, -1, 1, -1, 1, -1, 1, -1, 1, -1, 1, -1, 1, -1, 1, -1, 1, -1, 1, -1, 1, -1, 1, -1, 1, -1, 1, -1, 1, -1, 1, -1, 1, -1, 1, -1, 1, -1, 1, -1, 1, -1, 1, -1, 1, -1, 1, -1, 1, -1, 1, -1, 1, -1, 1, -1, 1, -1, 1, -1, 1, -1, 1, -1),)


((-420, -413, -406, -399, -392, -385, -378, -371, -364, -357, -350, -343, -336, -329, -322, -315, -308, -301, -294, -287, -280, -273, -266, -259, -252, -245, -238, -231, -224, -217, -210, -203, -196, -189, -182, -175, -168, -161, -154, -147, -140, -132, -125, -118, -111, -104, -97, -90, -83, -76, -69, -62, -55, -48, -41, -34, -27, -20, -13, -6, 1, 8, 15, 22, 29, 36, 43, 50, 57, 64, 71, 78, 85, 92, 99, 106, 113, 120, 127, 134, 141, 148, 155, 162, 169, 176, 183, 190, 197, 204, 211, 218, 225, 232, 239, 246, 253, 260, 267, 274, 281, 288, 295, 302, 309, 316, 323, 330, 337, 344, 351, 358, 365, 372, 379, 386, 393, 400, 407, 414),)


[[-419, -418, -417, -416, -415, -414, -412, -411, -410, -409, -408, -407, -405, -404, -403, -402, -401, -400, -398, -397, -396, -395, -394, -393, -391, -390, -389, -388, -387, -386, -384, -383, -382, -381, -380, -379, -377, -376, -375, -374, -373, -372, -370, -369, -368, -367, -366, -365, -363, -362, -361, -360, -359, -358, -356, -355, -354, -353, -352, -351, -349, -348, -347, -346, -345, -344, -342, -341, -340, -339, -338, -337, -335, -334, -333, -332, -331, -330, -328, -327, -326, -325, -324, -323, -321, -320, -319, -318, -317, -316, -314, -313, -312, -311, -310, -309, -307, -306, -305, -304, -303, -302, -300, -299, -298, -297, -296, -295, -293, -292, -291, -290, -289, -288, -286, -285, -284, -283, -282, -281, -279, -278, -277, -276, -275, -274, -272, -271, -270, -269, -268, -267, -265, -264, -263, -262, -261, -260, -258, -257, -256, -255, -254, -253, -251, -250, -249, -248, -247, -246, -244, -243, -242, -241, -240, -239, -237, -236, -235, -234, -233, -232, -230, -229, -228, -227, -226, -225, -223, -222, -221, -220, -219, -218, -216, -215, -214, -213, -212, -211, -209, -208, -207, -206, -205, -204, -202, -201, -200, -199, -198, -197, -195, -194, -193, -192, -191, -190, -188, -187, -186, -185, -184, -183, -181, -180, -179, -178, -177, -176, -174, -173, -172, -171, -170, -169, -167, -166, -165, -164, -163, -162, -160, -159, -158, -157, -156, -155, -153, -152, -151, -150, -149, -148, -146, -145, -144, -143, -142, -141, -139, -138, -137, -136, -135, -134, -133, -131, -130, -129, -128, -127, -126, -124, -123, -122, -121, -120, -119, -117, -116, -115, -114, -113, -112, -110, -109, -108, -107, -106, -105, -103, -102, -101, -100, -99, -98, -96, -95, -94, -93, -92, -91, -89, -88, -87, -86, -85, -84, -82, -81, -80, -79, -78, -77, -75, -74, -73, -72, -71, -70, -68, -67, -66, -65, -64, -63, -61, -60, -59, -58, -57, -56, -54, -53, -52, -51, -50, -49, -47, -46, -45, -44, -43, -42, -40, -39, -38, -37, -36, -35, -33, -32, -31, -30, -29, -28, -26, -25, -24, -23, -22, -21, -19, -18, -17, -16, -15, -14, -12, -11, -10, -9, -8, -7, -5, -4, -3, -2, -1, 2, 3, 4, 5, 6, 7, 9, 10, 11, 12, 13, 14, 16, 17, 18, 19, 20, 21, 23, 24, 25, 26, 27, 28, 30, 31, 32, 33, 34, 35, 37, 38, 39, 40, 41, 42, 44, 45, 46, 47, 48, 49, 51, 52, 53, 54, 55, 56, 58, 59, 60, 61, 62, 63, 65, 66, 67, 68, 69, 70, 72, 73, 74, 75, 76, 77, 79, 80, 81, 82, 83, 84, 86, 87, 88, 89, 90, 91, 93, 94, 95, 96, 97, 98, 100, 101, 102, 103, 104, 105, 107, 108, 109, 110, 111, 112, 114, 115, 116, 117, 118, 119, 121, 122, 123, 124, 125, 126, 128, 129, 130, 131, 132, 133, 135, 136, 137, 138, 139, 140, 142, 143, 144, 145, 146, 147, 149, 150, 151, 152, 153, 154, 156, 157, 158, 159, 160, 161, 163, 164, 165, 166, 167, 168, 170, 171, 172, 173, 174, 175, 177, 178, 179, 180, 181, 182, 184, 185, 186, 187, 188, 189, 191, 192, 193, 194, 195, 196, 198, 199, 200, 201, 202, 203, 205, 206, 207, 208, 209, 210, 212, 213, 214, 215, 216, 217, 219, 220, 221, 222, 223, 224, 226, 227, 228, 229, 230, 231, 233, 234, 235, 236, 237, 238, 240, 241, 242, 243, 244, 245, 247, 248, 249, 250, 251, 252, 254, 255, 256, 257, 258, 259, 261, 262, 263, 264, 265, 266, 268, 269, 270, 271, 272, 273, 275, 276, 277, 278, 279, 280, 282, 283, 284, 285, 286, 287, 289, 290, 291, 292, 293, 294, 296, 297, 298, 299, 300, 301, 303, 304, 305, 306, 307, 308, 310, 311, 312, 313, 314, 315, 317, 318, 319, 320, 321, 322, 324, 325, 326, 327, 328, 329, 331, 332, 333, 334, 335, 336, 338, 339, 340, 341, 342, 343, 345, 346, 347, 348, 349, 350, 352, 353, 354, 355, 356, 357, 359, 360, 361, 362, 363, 364, 366, 367, 368, 369, 370, 371, 373, 374, 375, 376, 377, 378, 380, 381, 382, 383, 384, 385, 387, 388, 389, 390, 391, 392, 394, 395, 396, 397, 398, 399, 401, 402, 403, 404, 405, 406, 408, 409, 410, 411, 412, 413, 415, 416, 417, 418, 419]]


[0.0, 0.0, 0.0, 1.41421356, 0.0, 0.0, 0.0, 1.41421356, 0.0, 0.0, 0.0, 1.41421356, 0.0, 0.0, 0.0, 1.41421356, 0.0, 0.0, 0.0, 1.41421356, 0.0, 0.0, 0.0, 1.41421356, 0.0, 0.0, 0.0, 1.41421356, 0.0, 0.0, 0.0, 1.41421356, 0.0, 0.0, 0.0, 1.41421356, 0.0, 0.0, 0.0, 1.41421356, 0.0, 0.0, 0.0, -1.41421356, 0.0, 0.0, 0.0, -1.41421356, 0.0, 0.0, 0.0, 1.41421356, 0.0, 0.0, 0.0, -1.41421356, 0.0, 0.0, 0.0, 1.41421356, 0.0, 0.0, 0.0, -1.41421356, 0.0, 0.0, 0.0, 1.41421356, 0.0, 0.0, 0.0, -1.41421356, 0.0, 0.0, 0.0, 1.41421356, 0.0, 0.0, 0.0, 1.41421356, 0.0, 0.0, 0.0, 1.41421356, 0.0, 0.0, 0.0, 1.41421356, 0.0, 0.0, 0.0, 1.41421356, 0.0, 0.0, 0.0, 1.41421356, 0.0, 0.0, 0.0, -1.41421356, 0.0, 0.0, 0.0, -1.41421356, 0.0, 0.0, 0.0, 1.41421356, 0.0, 0.0, 0.0, 1.41421356, 0.0, 0.0, 0.0, 1.41421356, 0.0, 0.0, 0.0, 1.41421356, 0.0, 0.0, 0.0, -1.41421356, 0.0, 0.0, 0.0, 1.41421356, 0.0, 0.0, 0.0, -1.41421356, 0.0, 0.0, 0.0, -1.41421356, 0.0, 0.0, 0.0, -1.41421356, 0.0, 0.0, 0.0, -1.41421356, 0.0, 0.0, 0.0, 1.41421356, 0.0, 0.0, 0.0, 1.41421356, 0.0, 0.0, 0.0, -1.41421356, 0.0, 0.0, 0.0, -1.41421356, 0.0, 0.0, 0.0, 1.41421356, 0.0, 0.0, 0.0, -1.41421356, 0.0, 0.0, 0.0, 1.41421356, 0.0, 0.0, 0.0, -1.41421356, 0.0, 0.0, 0.0, -1.41421356, 0.0, 0.0, 0.0, 1.41421356, 0.0, 0.0, 0.0, -1.41421356, 0.0, 0.0, 0.0, 1.41421356, 0.0, 0.0, 0.0, 1.41421356, 0.0, 0.0, 0.0, 1.41421356, 0.0, 0.0, 0.0, 1.41421356, 0.0, 0.0, 0.0, 1.41421356, 0.0, 0.0, 0.0, -1.41421356, 0.0, 0.0, 0.0, 1.41421356, 0.0, 0.0, 0.0, 1.41421356, 0.0, 0.0, 0.0, 1.41421356, 0.0, 0.0, 0.0, 1.41421356, 0.0, 0.0, 0.0, 1.41421356, 0.0, 0.0, 0.0, 1.41421356, 0.0, 0.0, 0.0, -1.41421356, 0.0, 0.0, 0.0, 1.41421356, 0.0, 0.0, 0.0, 1.41421356, 0.0, 0.0, 0.0, -1.41421356, 0.0, 0.0, 0.0, -1.41421356, 0.0, 0.0, 0.0, -1.41421356, 0.0, 0.0, 0.0, 1.41421356, 0.0, 0.0, 0.0, -1.41421356, 0.0, 0.0, 0.0, 1.41421356, 0.0, 0.0, 0.0, 1.41421356, 0.0, 0.0, 0.0, -1.41421356, 0.0, 0.0, 0.0, -1.41421356, 0.0, 0.0, 0.0, 1.41421356, 0.0, 0.0, 0.0, 1.41421356, 0.0, 0.0, 0.0, -1.41421356, 0.0, 0.0, 0.0, 1.41421356, 0.0, 0.0, 0.0, 1.41421356, 0.0, 0.0, 0.0, 1.41421356, 0.0, 0.0, 0.0, 1.41421356, 0.0, 0.0, 0.0, -1.41421356, 0.0, 0.0, 0.0, -1.41421356, 0.0, 0.0, 0.0, -1.41421356, 0.0, 0.0, 0.0, 1.41421356, 0.0, 0.0, 0.0, -1.41421356, 0.0, 0.0, 0.0, 1.41421356, 0.0, 0.0, 0.0, 1.41421356, 0.0, 0.0, 0.0, 1.41421356, 0.0, 0.0, 0.0, -1.41421356, 0.0, 0.0, 0.0, -1.41421356, 0.0, 0.0, 0.0, -1.41421356, 0.0, 0.0, 0.0, 1.41421356, 0.0, 0.0, 0.0, -1.41421356, 0.0, 0.0, 0.0, -1.41421356, 0.0, 0.0, 0.0, -1.41421356, 0.0, 0.0, 0.0, -1.41421356, 0.0, 0.0, 0.0, -1.41421356, 0.0, 0.0, 0.0, -1.41421356, 0.0, 0.0, 0.0, -1.41421356, 0.0, 0.0, 0.0, 1.41421356, 0.0, 0.0, 0.0, -1.41421356, 0.0, 0.0, 0.0, -1.41421356, 0.0, 0.0, 0.0, 1.41421356, 0.0, 0.0, 0.0, -1.41421356, 0.0, 0.0, 0.0, -1.41421356, 0.0, 0.0, 0.0, -1.41421356, 0.0, 0.0, 0.0, -1.41421356, 0.0, 0.0, 0.0, -1.41421356, 0.0, 0.0, 0.0, 1.41421356, 0.0, 0.0, 0.0, 1.41421356, 0.0, 0.0, 0.0, -1.41421356, 0.0, 0.0, 0.0, -1.41421356, 0.0, 0.0, 0.0, -1.41421356, 0.0, 0.0, 0.0, 1.41421356, 0.0, 0.0, 0.0, -1.41421356, 0.0, 0.0, 0.0, -1.41421356, 0.0, 0.0, 0.0, -1.41421356, 0.0, 0.0, 0.0, 1.41421356, 0.0, 0.0, 0.0, -1.41421356, 0.0, 0.0, 0.0, 1.41421356, 0.0, 0.0, 0.0, 1.41421356, 0.0, 0.0, 0.0, -1.41421356, 0.0, 0.0, 0.0, 1.41421356, 0.0, 0.0, 0.0, 1.41421356, 0.0, 0.0, 0.0, -1.41421356, 0.0, 0.0, 0.0, 1.41421356, 0.0, 0.0, 0.0, -1.41421356, 0.0, 0.0, 0.0, -1.41421356, 0.0, 0.0, 0.0, -1.41421356, 0.0, 0.0, 0.0, -1.41421356, 0.0, 0.0, 0.0, 1.41421356, 0.0, 0.0, 0.0, -1.41421356, 0.0, 0.0, 0.0, -1.41421356, 0.0, 0.0, 0.0, 1.41421356, 0.0, 0.0, 0.0, -1.41421356, 0.0, 0.0, 0.0, 1.41421356, 0.0, 0.0, 0.0, -1.41421356, 0.0, 0.0, 0.0, 1.41421356, 0.0, 0.0, 0.0, 1.41421356, 0.0, 0.0, 0.0, -1.41421356, 0.0, 0.0, 0.0, -1.41421356, 0.0, 0.0, 0.0, 1.41421356, 0.0, 0.0, 0.0, 1.41421356, 0.0, 0.0, 0.0, 1.41421356, 0.0, 0.0, 0.0, 1.41421356, 0.0, 0.0, 0.0, -1.41421356, 0.0, 0.0, 0.0, -1.41421356, 0.0, 0.0, 0.0, -1.41421356, 0.0, 0.0, 0.0, 1.41421356, 0.0, 0.0, 0.0, 1.41421356, 0.0, 0.0, 0.0, 1.41421356, 0.0, 0.0, 0.0, -1.41421356, 0.0, 0.0, 0.0, -1.41421356, 0.0, 0.0, 0.0, 1.41421356, 0.0, 0.0, 0.0, 1.41421356, 0.0, 0.0, 0.0, 1.41421356, 0.0, 0.0, 0.0, -1.41421356, 0.0, 0.0, 0.0, 1.41421356, 0.0, 0.0, 0.0, -1.41421356, 0.0, 0.0, 0.0, -1.41421356, 0.0, 0.0, 0.0, -1.41421356, 0.0, 0.0, 0.0, -1.41421356, 0.0, 0.0, 0.0, -1.41421356, 0.0, 0.0, 0.0, 1.41421356, 0.0, 0.0, 0.0, 1.41421356, 0.0, 0.0, 0.0, 1.41421356, 0.0, 0.0, 0.0, -1.41421356, 0.0, 0.0, 0.0, 1.41421356, 0.0, 0.0, 0.0, -1.41421356, 0.0, 0.0, 0.0, 1.41421356, 0.0, 0.0, 0.0, 1.41421356, 0.0, 0.0, 0.0, 1.41421356, 0.0, 0.0, 0.0, -1.41421356, 0.0, 0.0, 0.0, 1.41421356, 0.0, 0.0, 0.0, 1.41421356, 0.0, 0.0, 0.0, 1.41421356, 0.0, 0.0, 0.0, -1.41421356, 0.0, 0.0, 0.0, 1.41421356, 0.0, 0.0, 0.0, 1.41421356, 0.0, 0.0, 0.0, 1.41421356, 0.0, 0.0, 0.0, 1.41421356, 0.0, 0.0, 0.0, 1.41421356, 0.0, 0.0, 0.0, -1.41421356, 0.0, 0.0, 0.0, -1.41421356, 0.0, 0.0, 0.0, -1.41421356, 0.0, 0.0, 0.0, -1.41421356, 0.0, 0.0, 0.0, 1.41421356, 0.0, 0.0, 0.0, 1.41421356, 0.0, 0.0, 0.0, 1.41421356, 0.0, 0.0, 0.0, -1.41421356, 0.0, 0.0, 0.0, 1.41421356, 0.0, 0.0, 0.0, 1.41421356, 0.0, 0.0, 0.0, 1.41421356, 0.0, 0.0, 0.0, -1.41421356, 0.0, 0.0, 0.0, -1.41421356, 0.0, 0.0, 0.0, 1.41421356, 0.0, 0.0, 0.0, -1.41421356, 0.0, 0.0, 0.0, -1.41421356, 0.0, 0.0, 0.0, -1.41421356, 0.0, 0.0, 0.0, 1.41421356, 0.0, 0.0, 0.0, 1.41421356, 0.0, 0.0, 0.0, 1.41421356, 0.0, 0.0, 0.0, 1.41421356, 0.0, 0.0, 0.0, 1.41421356, 0.0, 0.0, 0.0, 1.41421356, 0.0, 0.0, 0.0, 1.41421356, 0.0, 0.0, 0.0, -1.41421356, 0.0, 0.0, 0.0, 1.41421356, 0.0, 0.0, 0.0, -1.41421356, 0.0, 0.0, 0.0, 1.41421356, 0.0, 0.0, 0.0, 1.41421356, 0.0, 0.0, 0.0, -1.41421356, 0.0, 0.0, 0.0, 1.41421356, 0.0, 0.0, 0.0, -1.41421356, 0.0, 0.0, 0.0, 1.41421356, 0.0, 0.0, 0.0, 1.41421356, 0.0, 0.0, 0.0, -1.41421356, 0.0, 0.0, 0.0, 1.41421356, 0.0, 0.0, 0.0, 1.41421356, 0.0, 0.0, 0.0, 1.41421356, 0.0, 0.0, 0.0, -1.41421356, 0.0, 0.0, 0.0, 1.41421356, 0.0, 0.0, 0.0, -1.41421356, 0.0, 0.0, 0.0, -1.41421356, 0.0, 0.0, 0.0, -1.41421356, 0.0, 0.0, 0.0, 1.41421356, 0.0, 0.0, 0.0, -1.41421356, 0.0, 0.0, 0.0, -1.41421356, 0.0, 0.0, 0.0, -1.41421356, 0.0, 0.0, 0.0, -1.41421356, 0.0, 0.0, 0.0, 1.41421356, 0.0, 0.0, 0.0, -1.41421356, 0.0, 0.0, 0.0, 1.41421356, 0.0, 0.0, 0.0, -1.41421356, 0.0, 0.0, 0.0, 1.41421356, 0.0, 0.0, 0.0, 1.41421356, 0.0, 0.0, 0.0, -1.41421356, 0.0, 0.0, 0.0, 1.41421356, 0.0, 0.0, 0.0, 1.41421356, 0.0, 0.0, 0.0, -1.41421356, 0.0, 0.0, 0.0, -1.41421356, 0.0, 0.0, 0.0, -1.41421356, 0.0, 0.0, 0.0, 1.41421356, 0.0, 0.0, 0.0, 1.41421356, 0.0, 0.0, 0.0, 1.41421356, 0.0, 0.0, 0.0, -1.41421356, 0.0, 0.0, 0.0, 1.41421356, 0.0, 0.0, 0.0, 1.41421356, 0.0, 0.0, 0.0, -1.41421356, 0.0, 0.0, 0.0, -1.41421356, 0.0, 0.0, 0.0, 1.41421356, 0.0, 0.0, 0.0, -1.41421356, 0.0, 0.0, 0.0, 1.41421356, 0.0, 0.0, 0.0, 1.41421356, 0.0, 0.0, 0.0, 1.41421356, 0.0, 0.0, 0.0, -1.41421356, 0.0, 0.0, 0.0, -1.41421356, 0.0, 0.0, 0.0, 1.41421356]




[[0.0, 0.0, 0.0, 1.41421356, 0.0, 0.0, 0.0, 1.41421356, 0.0, 0.0, 0.0, 1.41421356, 0.0, 0.0, 0.0, 1.41421356, 0.0, 0.0, 0.0, 1.41421356, 0.0, 0.0, 0.0, 1.41421356, 0.0, 0.0, 0.0, 1.41421356, 0.0, 0.0, 0.0, 1.41421356, 0.0, 0.0, 0.0, 1.41421356, 0.0, 0.0, 0.0, 1.41421356, 0.0, 0.0, 0.0, -1.41421356, 0.0, 0.0, 0.0, -1.41421356, 0.0, 0.0, 0.0, 1.41421356, 0.0, 0.0, 0.0, -1.41421356, 0.0, 0.0, 0.0, 1.41421356, 0.0, 0.0, 0.0, -1.41421356, 0.0, 0.0, 0.0, 1.41421356, 0.0, 0.0, 0.0, -1.41421356, 0.0, 0.0, 0.0, 1.41421356, 0.0, 0.0, 0.0, 1.41421356, 0.0, 0.0, 0.0, 1.41421356, 0.0, 0.0, 0.0, 1.41421356, 0.0, 0.0, 0.0, 1.41421356, 0.0, 0.0, 0.0, 1.41421356, 0.0, 0.0, 0.0, -1.41421356, 0.0, 0.0, 0.0, -1.41421356, 0.0, 0.0, 0.0, 1.41421356, 0.0, 0.0, 0.0, 1.41421356, 0.0, 0.0, 0.0, 1.41421356, 0.0, 0.0, 0.0, 1.41421356, 0.0, 0.0, 0.0, -1.41421356, 0.0, 0.0, 0.0, 1.41421356, 0.0, 0.0, 0.0, -1.41421356, 0.0, 0.0, 0.0, -1.41421356, 0.0, 0.0, 0.0, -1.41421356, 0.0, 0.0, 0.0, -1.41421356, 0.0, 0.0, 0.0, 1.41421356, 0.0, 0.0, 0.0, 1.41421356, 0.0, 0.0, 0.0, -1.41421356, 0.0, 0.0, 0.0, -1.41421356, 0.0, 0.0, 0.0, 1.41421356, 0.0, 0.0, 0.0, -1.41421356, 0.0, 0.0, 0.0, 1.41421356, 0.0, 0.0, 0.0, -1.41421356, 0.0, 0.0, 0.0, -1.41421356, 0.0, 0.0, 0.0, 1.41421356, 0.0, 0.0, 0.0, -1.41421356, 0.0, 0.0, 0.0, 1.41421356, 0.0, 0.0, 0.0, 1.41421356, 0.0, 0.0, 0.0, 1.41421356, 0.0, 0.0, 0.0, 1.41421356, 0.0, 0.0, 0.0, 1.41421356, 0.0, 0.0, 0.0, -1.41421356, 0.0, 0.0, 0.0, 1.41421356, 0.0, 0.0, 0.0, 1.41421356, 0.0, 0.0, 0.0, 1.41421356, 0.0, 0.0, 0.0, 1.41421356, 0.0, 0.0, 0.0, 1.41421356, 0.0, 0.0, 0.0, 1.41421356, 0.0, 0.0, 0.0, -1.41421356, 0.0, 0.0, 0.0, 1.41421356, 0.0, 0.0, 0.0, 1.41421356, 0.0, 0.0, 0.0, -1.41421356, 0.0, 0.0, 0.0, -1.41421356, 0.0, 0.0, 0.0, -1.41421356, 0.0, 0.0, 0.0, 1.41421356, 0.0, 0.0, 0.0, -1.41421356, 0.0, 0.0, 0.0, 1.41421356, 0.0, 0.0, 0.0, 1.41421356, 0.0, 0.0, 0.0, -1.41421356, 0.0, 0.0, 0.0, -1.41421356, 0.0, 0.0, 0.0, 1.41421356, 0.0, 0.0, 0.0, 1.41421356, 0.0, 0.0, 0.0, -1.41421356, 0.0, 0.0, 0.0, 1.41421356, 0.0, 0.0, 0.0, 1.41421356, 0.0, 0.0, 0.0, 1.41421356, 0.0, 0.0, 0.0, 1.41421356, 0.0, 0.0, 0.0, -1.41421356, 0.0, 0.0, 0.0, -1.41421356, 0.0, 0.0, 0.0, -1.41421356, 0.0, 0.0, 0.0, 1.41421356, 0.0, 0.0, 0.0, -1.41421356, 0.0, 0.0, 0.0, 1.41421356, 0.0, 0.0, 0.0, 1.41421356, 0.0, 0.0, 0.0, 1.41421356, 0.0, 0.0, 0.0, -1.41421356, 0.0, 0.0, 0.0, -1.41421356, 0.0, 0.0, 0.0, -1.41421356, 0.0, 0.0, 0.0, 1.41421356, 0.0, 0.0, 0.0, -1.41421356, 0.0, 0.0, 0.0, -1.41421356, 0.0, 0.0, 0.0, -1.41421356, 0.0, 0.0, 0.0, -1.41421356, 0.0, 0.0, 0.0, -1.41421356, 0.0, 0.0, 0.0, -1.41421356, 0.0, 0.0, 0.0, -1.41421356, 0.0, 0.0, 0.0, 1.41421356, 0.0, 0.0, 0.0, -1.41421356, 0.0, 0.0, 0.0, -1.41421356, 0.0, 0.0, 0.0, 1.41421356, 0.0, 0.0, 0.0, -1.41421356, 0.0, 0.0, 0.0, -1.41421356, 0.0, 0.0, 0.0, -1.41421356, 0.0, 0.0, 0.0, -1.41421356, 0.0, 0.0, 0.0, -1.41421356, 0.0, 0.0, 0.0, 1.41421356, 0.0, 0.0, 0.0, 1.41421356, 0.0, 0.0, 0.0, -1.41421356, 0.0, 0.0, 0.0, -1.41421356, 0.0, 0.0, 0.0, -1.41421356, 0.0, 0.0, 0.0, 1.41421356, 0.0, 0.0, 0.0, -1.41421356, 0.0, 0.0, 0.0, -1.41421356, 0.0, 0.0, 0.0, -1.41421356, 0.0, 0.0, 0.0, 1.41421356, 0.0, 0.0, 0.0, -1.41421356, 0.0, 0.0, 0.0, 1.41421356, 0.0, 0.0, 0.0, 1.41421356, 0.0, 0.0, 0.0, -1.41421356, 0.0, 0.0, 0.0, 1.41421356, 0.0, 0.0, 0.0, 1.41421356, 0.0, 0.0, 0.0, -1.41421356, 0.0, 0.0, 0.0, 1.41421356, 0.0, 0.0, 0.0, -1.41421356, 0.0, 0.0, 0.0, -1.41421356, 0.0, 0.0, 0.0, -1.41421356, 0.0, 0.0, 0.0, -1.41421356, 0.0, 0.0, 0.0, 1.41421356, 0.0, 0.0, 0.0, -1.41421356, 0.0, 0.0, 0.0, -1.41421356, 0.0, 0.0, 0.0, 1.41421356, 0.0, 0.0, 0.0, -1.41421356, 0.0, 0.0, 0.0, 1.41421356, 0.0, 0.0, 0.0, -1.41421356, 0.0, 0.0, 0.0, 1.41421356, 0.0, 0.0, 0.0, 1.41421356, 0.0, 0.0, 0.0, -1.41421356, 0.0, 0.0, 0.0, -1.41421356, 0.0, 0.0, 0.0, 1.41421356, 0.0, 0.0, 0.0, 1.41421356, 0.0, 0.0, 0.0, 1.41421356, 0.0, 0.0, 0.0, 1.41421356, 0.0, 0.0, 0.0, -1.41421356, 0.0, 0.0, 0.0, -1.41421356, 0.0, 0.0, 0.0, -1.41421356, 0.0, 0.0, 0.0, 1.41421356, 0.0, 0.0, 0.0, 1.41421356, 0.0, 0.0, 0.0, 1.41421356, 0.0, 0.0, 0.0, -1.41421356, 0.0, 0.0, 0.0, -1.41421356, 0.0, 0.0, 0.0, 1.41421356, 0.0, 0.0, 0.0, 1.41421356, 0.0, 0.0, 0.0, 1.41421356, 0.0, 0.0, 0.0, -1.41421356, 0.0, 0.0, 0.0, 1.41421356, 0.0, 0.0, 0.0, -1.41421356, 0.0, 0.0, 0.0, -1.41421356, 0.0, 0.0, 0.0, -1.41421356, 0.0, 0.0, 0.0, -1.41421356, 0.0, 0.0, 0.0, -1.41421356, 0.0, 0.0, 0.0, 1.41421356, 0.0, 0.0, 0.0, 1.41421356, 0.0, 0.0, 0.0, 1.41421356, 0.0, 0.0, 0.0, -1.41421356, 0.0, 0.0, 0.0, 1.41421356, 0.0, 0.0, 0.0, -1.41421356, 0.0, 0.0, 0.0, 1.41421356, 0.0, 0.0, 0.0, 1.41421356, 0.0, 0.0, 0.0, 1.41421356, 0.0, 0.0, 0.0, -1.41421356, 0.0, 0.0, 0.0, 1.41421356, 0.0, 0.0, 0.0, 1.41421356, 0.0, 0.0, 0.0, 1.41421356, 0.0, 0.0, 0.0, -1.41421356, 0.0, 0.0, 0.0, 1.41421356, 0.0, 0.0, 0.0, 1.41421356, 0.0, 0.0, 0.0, 1.41421356, 0.0, 0.0, 0.0, 1.41421356, 0.0, 0.0, 0.0, 1.41421356, 0.0, 0.0, 0.0, -1.41421356, 0.0, 0.0, 0.0, -1.41421356, 0.0, 0.0, 0.0, -1.41421356, 0.0, 0.0, 0.0, -1.41421356, 0.0, 0.0, 0.0, 1.41421356, 0.0, 0.0, 0.0, 1.41421356, 0.0, 0.0, 0.0, 1.41421356, 0.0, 0.0, 0.0, -1.41421356, 0.0, 0.0, 0.0, 1.41421356, 0.0, 0.0, 0.0, 1.41421356, 0.0, 0.0, 0.0, 1.41421356, 0.0, 0.0, 0.0, -1.41421356, 0.0, 0.0, 0.0, -1.41421356, 0.0, 0.0, 0.0, 1.41421356, 0.0, 0.0, 0.0, -1.41421356, 0.0, 0.0, 0.0, -1.41421356, 0.0, 0.0, 0.0, -1.41421356, 0.0, 0.0, 0.0, 1.41421356, 0.0, 0.0, 0.0, 1.41421356, 0.0, 0.0, 0.0, 1.41421356, 0.0, 0.0, 0.0, 1.41421356, 0.0, 0.0, 0.0, 1.41421356, 0.0, 0.0, 0.0, 1.41421356, 0.0, 0.0, 0.0, 1.41421356, 0.0, 0.0, 0.0, -1.41421356, 0.0, 0.0, 0.0, 1.41421356, 0.0, 0.0, 0.0, -1.41421356, 0.0, 0.0, 0.0, 1.41421356, 0.0, 0.0, 0.0, 1.41421356, 0.0, 0.0, 0.0, -1.41421356, 0.0, 0.0, 0.0, 1.41421356, 0.0, 0.0, 0.0, -1.41421356, 0.0, 0.0, 0.0, 1.41421356, 0.0, 0.0, 0.0, 1.41421356, 0.0, 0.0, 0.0, -1.41421356, 0.0, 0.0, 0.0, 1.41421356, 0.0, 0.0, 0.0, 1.41421356, 0.0, 0.0, 0.0, 1.41421356, 0.0, 0.0, 0.0, -1.41421356, 0.0, 0.0, 0.0, 1.41421356, 0.0, 0.0, 0.0, -1.41421356, 0.0, 0.0, 0.0, -1.41421356, 0.0, 0.0, 0.0, -1.41421356, 0.0, 0.0, 0.0, 1.41421356, 0.0, 0.0, 0.0, -1.41421356, 0.0, 0.0, 0.0, -1.41421356, 0.0, 0.0, 0.0, -1.41421356, 0.0, 0.0, 0.0, -1.41421356, 0.0, 0.0, 0.0, 1.41421356, 0.0, 0.0, 0.0, -1.41421356, 0.0, 0.0, 0.0, 1.41421356, 0.0, 0.0, 0.0, -1.41421356, 0.0, 0.0, 0.0, 1.41421356, 0.0, 0.0, 0.0, 1.41421356, 0.0, 0.0, 0.0, -1.41421356, 0.0, 0.0, 0.0, 1.41421356, 0.0, 0.0, 0.0, 1.41421356, 0.0, 0.0, 0.0, -1.41421356, 0.0, 0.0, 0.0, -1.41421356, 0.0, 0.0, 0.0, -1.41421356, 0.0, 0.0, 0.0, 1.41421356, 0.0, 0.0, 0.0, 1.41421356, 0.0, 0.0, 0.0, 1.41421356, 0.0, 0.0, 0.0, -1.41421356, 0.0, 0.0, 0.0, 1.41421356, 0.0, 0.0, 0.0, 1.41421356, 0.0, 0.0, 0.0, -1.41421356, 0.0, 0.0, 0.0, -1.41421356, 0.0, 0.0, 0.0, 1.41421356, 0.0, 0.0, 0.0, -1.41421356, 0.0, 0.0, 0.0, 1.41421356, 0.0, 0.0, 0.0, 1.41421356, 0.0, 0.0, 0.0, 1.41421356, 0.0, 0.0, 0.0, -1.41421356, 0.0, 0.0, 0.0, -1.41421356, 0.0, 0.0, 0.0, 1.41421356]]

